3,2
3,1
3,3
10,226
10,286
10,10
10,120
10,122
11,29
11,28
11,27
11,26
11,25
11,24
11,23
11,22
11,21
11,20
11,19
11,18
11,17
11,16
11,15
11,13
11,12
11,11
11,10
11,9
11,8
11,7
11,6
11,5
11,4
11,3
9,6
9,4
9,3
11,2
11,1
10,311
10,309
10,305
10,303
8,6
8,9
8,12
8,18
8,16
8,17
8,2
8,3
10,298
10,295
10,291
10,289
12,2
12,1
10,282
12,3
10,281
10,277
10,275
10,268
10,267
10,259
10,258
10,257
10,255
10,253
10,251
10,250
10,249
10,247
10,245
10,243
10,237
10,230
10,229
10,228
10,223
10,219
10,217
10,215
10,213
10,211
10,207
10,205
10,201
10,200
20,2
20,1
10,198
10,197
10,193
10,191
20,3
10,189
10,182
10,179
10,177
10,175
10,174
19,2
19,1
10,173
10,172
10,169
10,163
19,3
10,158
10,157
10,156
10,155
10,153
10,150
10,149
10,145
10,142
10,135
10,134
10,133
